21
20
distortion: 41.1801462014
